x  y  w  h


Small Guear (the one that bub moves)

280, 789, 16, 16
300, 789, 16, 16
320, 789, 16, 16
340, 789, 16, 16
360, 789, 16, 16
380, 789, 16, 16
400, 789, 16, 16
420, 789, 16, 16


Small Guear (bg)

27, 820, 34, 16
27, 843, 34, 16


Small pipe

37, 869, 13, 11


Big Guear

87, 813, 56, 24
153, 813, 56, 24
219, 813, 56, 24
285, 813, 56, 24

87, 843, 56, 24
153, 843, 56, 24
219, 843, 56, 24
285, 843, 56, 24

87, 874, 56, 24
153, 874, 56, 24
219, 874, 56, 24
285, 874, 56, 24


Normal bag (First 2 pointing right)

358, 833, 56, 24
424, 834, 40, 23

358, 861, 56, 24
423, 862, 41, 23


Beta bags

486, 792, 56, 24
549, 793, 41, 23
484, 821, 56, 24
548, 822, 41, 23

482, 854, 55, 24
550, 859, 35, 19
482, 881, 55, 24
552, 886, 35, 19